{"items" : [{"matrix" : [-4.440892098500626E-15, 0.0, 1.0, 0.0, -0.0, 1.0, 0.0, 0.0, -1.0, -0.0, -4.440892098500626E-15, 0.0, 15.6093419054311, 0.580000000000758, -14.2521496371202, 1.0], "name" : "(室内手动变焦半球型摄像机)摄像设备-室内手动变焦半球型摄像机", "path" : "2705730.sbmx", "position" : [15.6093419054311, 0.580000000000758, -14.2521496371202], "rotation" : [0.0, -1.5707963267948966, 0.0], "scale" : [1.0, 1.0, 1.0]}, {"matrix" : [-4.440892098500626E-15, 0.0, 1.0, 0.0, -0.0, 1.0, 0.0, 0.0, -1.0, -0.0, -4.440892098500626E-15, 0.0, 15.6138944919052, 0.580000000000758, -6.24186125849174, 1.0], "name" : "(室内手动变焦半球型摄像机)摄像设备-室内手动变焦半球型摄像机", "path" : "2705730.sbmx", "position" : [15.6138944919052, 0.580000000000758, -6.24186125849174], "rotation" : [0.0, -1.5707963267948966, 0.0], "scale" : [1.0, 1.0, 1.0]}, {"matrix" : [-4.440892098500626E-15, 0.0, 1.0, 0.0, -0.0, 1.0, 0.0, 0.0, -1.0, -0.0, -4.440892098500626E-15, 0.0, 36.8129203639589, 0.580000000000758, -8.30616018564017, 1.0], "name" : "(室内手动变焦半球型摄像机)摄像设备-室内手动变焦半球型摄像机", "path" : "2705730.sbmx", "position" : [36.8129203639589, 0.580000000000758, -8.30616018564017], "rotation" : [0.0, -1.5707963267948966, 0.0], "scale" : [1.0, 1.0, 1.0]}, {"matrix" : [-4.440892098500626E-15, 0.0, 1.0, 0.0, -0.0, 1.0, 0.0, 0.0, -1.0, -0.0, -4.440892098500626E-15, 0.0, 40.1842186522875, 0.580000000000758, -14.2640644002384, 1.0], "name" : "(室内手动变焦半球型摄像机)摄像设备-室内手动变焦半球型摄像机", "path" : "2705730.sbmx", "position" : [40.1842186522875, 0.580000000000758, -14.2640644002384], "rotation" : [0.0, -1.5707963267948966, 0.0], "scale" : [1.0, 1.0, 1.0]}, {"matrix" : [-4.440892098500626E-15, 0.0, 1.0, 0.0, -0.0, 1.0, 0.0, 0.0, -1.0, -0.0, -4.440892098500626E-15, 0.0, 51.9175403886314, 0.580000000000758, -8.24915377545027, 1.0], "name" : "(室内手动变焦半球型摄像机)摄像设备-室内手动变焦半球型摄像机", "path" : "2705730.sbmx", "position" : [51.9175403886314, 0.580000000000758, -8.24915377545027], "rotation" : [0.0, -1.5707963267948966, 0.0], "scale" : [1.0, 1.0, 1.0]}, {"matrix" : [0.4734564345278816, 0.0, -0.8808172367773831, 0.0, 0.0, 0.9999999999999994, 0.0, 0.0, 0.8808172367773835, 0.0, 0.4734564345278819, 0.0, 59.3604693070377, 0.280000000000759, -15.8080396812991, 1.0], "name" : "(室内手动变焦半球型摄像机)摄像设备-室内手动变焦半球型摄像机", "path" : "2705730.sbmx", "position" : [59.3604693070377, 0.280000000000759, -15.8080396812991], "rotation" : [-0.0, 1.0775855463486634, -0.0], "scale" : [0.9999999999999993, 0.9999999999999994, 0.9999999999999999]}, {"matrix" : [0.6592346472540441, 0.0, 0.7519372845256691, 0.0, -0.0, 1.0000000000000004, 0.0, 0.0, -0.7519372845256688, -0.0, 0.6592346472540438, 0.0, 63.585041591031, 0.280000000000759, -15.7132792939535, 1.0], "name" : "(室内手动变焦半球型摄像机)摄像设备-室内手动变焦半球型摄像机", "path" : "2705730.sbmx", "position" : [63.585041591031, 0.280000000000759, -15.7132792939535], "rotation" : [0.0, -0.850995861842532, 0.0], "scale" : [1.0000000000000004, 1.0000000000000004, 1.0]}, {"matrix" : [-0.6592346472540528, 0.0, -0.751937284525661, 0.0, 0.0, 1.0000000000000002, 0.0, 0.0, 0.7519372845256608, 0.0, -0.6592346472540527, 0.0, 68.45773352885, 0.280000000000759, -19.0493366444781, 1.0], "name" : "(室内手动变焦半球型摄像机)摄像设备-室内手动变焦半球型摄像机", "path" : "2705730.sbmx", "position" : [68.45773352885, 0.280000000000759, -19.0493366444781], "rotation" : [-3.141592653589793, 0.8509958618425202, -3.141592653589793], "scale" : [1.0, 1.0000000000000002, 0.9999999999999999]}, {"matrix" : [-0.751937284525671, 0.0, 0.6592346472540409, 0.0, 0.0, 0.9999999999999999, -0.0, 0.0, -0.659234647254041, 0.0, -0.7519372845256711, 0.0, 62.1436818978681, 0.280000000000759, -6.65000022601907, 1.0], "name" : "(室内手动变焦半球型摄像机)摄像设备-室内手动变焦半球型摄像机", "path" : "2705730.sbmx", "position" : [62.1436818978681, 0.280000000000759, -6.65000022601907], "rotation" : [-3.141592653589793, -0.719800464952361, -3.141592653589793], "scale" : [0.9999999999999998, 0.9999999999999999, 1.0]}, {"matrix" : [1.7763568394002505E-15, 0.0, -1.0000000000000002, 0.0, 0.0, 1.0, 0.0, 0.0, 1.0000000000000002, 0.0, 1.7763568394002505E-15, 0.0, 174.205476469122, 0.58000000000076, -11.5381044922763, 1.0], "name" : "(室内手动变焦半球型摄像机)摄像设备-室内手动变焦半球型摄像机", "path" : "2705730.sbmx", "position" : [174.205476469122, 0.58000000000076, -11.5381044922763], "rotation" : [0.0, 1.5707963267948966, 0.0], "scale" : [1.0000000000000002, 1.0, 1.0000000000000002]}, {"matrix" : [1.0, 0.0, -0.0, 0.0, -0.0, 1.0, 0.0, 0.0, 0.0, 0.0, 1.0, 0.0, 110.473613489849, 0.730000000000756, -13.0658086614384, 1.0], "name" : "(室内手动变焦半球型摄像机)摄像设备-室内手动变焦半球型摄像机", "path" : "2705730.sbmx", "position" : [110.473613489849, 0.730000000000756, -13.0658086614384], "rotation" : [-0.0, 0.0, -0.0], "scale" : [1.0, 1.0, 1.0]}], "type" : "RvtZip", "version" : "0.0.1"}